0.000000
0.060606
0.121212
0.181818
0.242424
0.303030
0.363636
0.424242
0.484848
0.545455
0.606061
0.666667
0.727273
0.787879
0.848485
0.909091
0.969697
1.030303
1.090909
1.151515
1.212121
1.272727
1.333333
1.393939
1.454545
1.515152
1.575758
1.636364
1.696970
1.757576
1.818182
1.878788
1.939394
2.000000
2.060606
2.121212
2.181818
2.242424
2.303030
2.363636
2.424242
2.484848
2.545455
2.606061
2.666667
2.727273
2.787879
2.848485
2.909091
2.969697
3.030303
3.090909
3.151515
3.212121
3.272727
3.333333
3.393939
3.454545
3.515152
3.575758
3.636364
3.696970
3.757576
3.818182
3.878788
3.939394
4.000000
4.060606
4.121212
4.181818
4.242424
4.303030
4.363636
4.424242
4.484848
4.545455
4.606061
4.666667
4.727273
4.787879
4.848485
4.909091
4.969697
5.030303
5.090909
5.151515
5.212121
5.272727
5.333333
5.393939
5.454545
5.515152
5.575758
5.636364
5.696970
5.757576
5.818182
5.878788
5.939394
6.000000
